962839926952914944
962733477807509505
962793884249141248
962763463427805185
962921087032938496
962466397161914368
962900475354886144
962921006670127104
962874251668733952
962919193460006912
962848877060661250
962917124141285376
961017126738845696
962176081750044672
962375171767263235
962878563782295552
962744830982942720
961064502027366400
962839728079982592
962533819768295425
960631804234489862
962921000622051330
962770729614929920
962352833407410177
962040605755899904
962817642699640832
962705677411024896
962521222650081280
962738452503687169
962822957629259776
962884474483683334
962702868791906304
961388083970236416
962323447908065280
962914789147242496
962736897335447552
958011122891808768
962725752763449345
962812798412636160
962902671668658176
961336819228008449
962773171991556096
962023301508837377
962730170846150659
962792934881091585
962712867471577088
962307275493801985
961887405858021376
961872300281745409
962883786697424896
962379044913369096
962794135659991042
962053504205430784
962900753496006656
961443444064489473
962765428027162630
962098791204585472
961857194605105152
962768682408701955
962469352682475521
962039040991211520
962113886865580033
962874256454508544
962918588683313152
961450650235232257
962918720912818176
962908455496503296
962826646234587136
962068591049957376
962399464739676160
962919420698886144
962522842041548802
962899512292503552
962731869388251136
962601818499895297
962808832073355264
961829512328765440
962280344664752128
962744913543745537
962295157654802434
962343153557581825
962776382177759234
960971919519600640
962876295246888960
962476853532545024
962264948150882304
962508971130130432
962881638299398145
960796101325590528
962494976973254656
962735483439714309
962900143451250689
962749494772117504
962678044170137600
962300965863985152
956362760492867585
962818254048768000
961622835297910791
962597409925853186
962093654251749376
962793807556284417
962631206381719552
962875641149509640
961777128902598657
962096032556429315
961976296996769792
961371398886313984
961011632624168960
961733930528509952
962705298627727360
962705311663624192
961940372954996736
962110153980985345
956580939617984512
961278001144061952
962901328895860736
958462647921467392
960759376137961473
962737272440451073
961019469446434816
962914160232165376
962705324208721920
962705338003873794
962914345847009282
962457282230370304
962031600295821312
962807231774429184
962438602050371584
957130458793431040
962919635933806592
960657539028406277
962920525818355713
962921180998008832
962710087608426497
962714409985458178
962714296588185601
959439250981765120
962750665482231808
962870005497962497
962897726739550208
962299607744110597
962902463589228544
962904289721991169
962891521430257666
962902936895418369
962920791888285696
962918413063610368
962912676442669056
960272260354494464
961363866780356608
962777226675552257
962916289814646784
962708878457794563
962917448071589889
960332659951046656
962748295268495360
962489839449915394
962895683530342400
960848051093913602
962837799136358400
959117265223401473
962502941906219009
962718221605498883
962818329143586818
962734699155091456
961306567466340352
962879548256735232
962921237793165312
962893016842215425
948360815098277888
962917326290079745
962892667481767936
959365112216743937
962396517578416128
956610304972115973
962720138272190464
962702662511808517
962017753224892416
962912432568991744
962707985775636482
962880699723206657
962128991971819520
962852718405734400
960621965055635456
962904389504634881
951887489160986624
962896217767227392
962882767930486784
961542473800732672
